mean: 50.65464
stdev: 28.50345
