mean: 49.94531
stdev: 28.86248
