mean: 50.01369
stdev: 7.05698
