mean: 49.98633
stdev: 28.86720
