mean: 50.00551
stdev: 7.07048
